0 4 3
1 13 3
2 12 3
3 5 3
4 4 2
5 4 4
6 5 1
7 6 2
8 7 3
9 5 5
10 12 2
11 12 1
12 12 0
13 12 4
14 12 5
15 12 6
16 12 7
1 6 6 1 5 1
1 9 6 5 5 5
1 10 11 2 12 2
1 2 11 3 12 3
1 11 11 1 12 1
1 13 11 4 12 4
1 12 11 0 12 0
1 7 7 2 6 2
1 14 11 5 12 5
1 8 8 3 7 3
1 16 11 7 12 7
1 3 6 3 5 3
1 15 11 6 12 6
1 5 5 4 4 4
1 4 5 2 4 2
1 0 2 40
1 8 2 120
1 4 10 120
1 5 13 120
1 3 2 120
1 15 8 50
1 16 8 50
1 14 8 50
1 7 10 120
1 12 6 50
1 13 8 50
1 11 6 50
1 2 8 80
1 9 14 120
1 6 11 120
1 1 8 50
2 4 6 2 5 2
2 3 7 3 6 3
2 5 6 4 5 4
2 6 7 1 6 1
2 7 8 2 7 2
2 8 9 3 8 3
2 9 7 5 6 5
2 0 5 3 4 3
2 2 10 3 11 3
2 1 12 3 13 3
2 11 10 1 11 1
2 13 10 4 11 4
2 12 10 0 11 0
2 15 10 6 11 6
2 14 10 5 11 5
2 16 10 7 11 7
2 4 2 120
2 3 2 120
2 0 2 40
2 11 6 50
2 15 8 50
2 16 8 50
2 14 8 50
2 13 8 50
2 12 6 50
2 5 13 120
2 2 8 80
2 1 8 50
2 9 14 120
2 8 2 120
2 7 2 120
2 6 11 120
3 4 7 2 6 2
3 5 7 4 6 4
3 3 8 3 7 3
3 6 8 1 7 1
3 7 9 2 8 2
3 9 8 5 7 5
3 1 11 3 12 3
3 0 6 3 5 3
3 12 9 0 10 0
3 15 9 6 10 6
3 16 9 7 10 7
3 4 2 120
3 3 2 120
3 7 2 120
3 16 9 50
3 15 9 50
3 12 6 50
3 2 8 80
3 1 8 50
3 6 12 120
3 0 2 40
3 9 15 120
3 8 1 120
3 5 15 120
4 4 8 2 7 2
4 5 8 4 7 4
4 6 9 1 8 1
4 7 10 2 9 2
4 9 9 5 8 5
4 0 7 3 6 3
4 16 8 7 9 7
4 3 1 120
4 6 12 120
4 0 1 40
4 16 5 50
4 1 7 50
4 9 16 120
4 7 1 120
4 8 1 120
4 4 1 120
4 5 16 120
5 4 9 2 8 2
5 5 9 4 8 4
5 4 1 120
5 3 1 120
5 9 1 120
