0 1 3
1 13 3
2 12 3
3 3 3
4 0 0
5 1 1
6 2 2
7 4 4
8 5 5
9 6 6
10 11 2
11 10 1
12 9 0
13 11 4
14 10 5
15 9 6
16 8 7
1 2 11 3 12 3
1 15 8 6 9 6
1 16 7 7 8 7
1 11 9 1 10 1
1 14 9 5 10 5
1 13 10 4 11 4
1 4 1 0 0 0
1 7 5 4 4 4
1 12 8 0 9 0
1 0 2 3 1 3
1 3 4 3 3 3
1 10 10 2 11 2
1 9 7 6 6 6
1 8 6 5 5 5
1 6 3 2 2 2
1 5 2 1 1 1
1 1 3 50
1 5 11 120
1 13 7 50
1 6 10 120
1 8 14 120
1 10 3 50
1 9 15 120
1 3 2 120
1 0 2 40
1 7 13 120
1 12 3 50
1 4 12 120
1 14 8 50
1 2 3 80
1 16 9 50
1 11 3 50
1 15 9 50
2 0 3 3 2 3
2 2 10 3 11 3
2 1 12 3 13 3
2 3 5 3 4 3
2 4 2 0 1 0
2 5 3 1 2 1
2 6 4 2 3 2
2 7 6 4 5 4
2 8 7 5 6 5
2 10 9 2 10 2
2 11 8 1 9 1
2 13 9 4 10 4
2 12 7 0 8 0
2 14 8 5 9 5
2 16 6 7 7 7
2 0 2 40
2 16 9 50
2 15 9 50
2 14 8 50
2 12 3 50
2 13 7 50
2 11 3 50
2 10 3 50
2 9 15 120
2 8 14 120
2 7 13 120
2 6 10 120
2 5 11 120
2 4 12 120
2 3 2 120
2 2 3 80
2 1 3 50
3 2 9 3 10 3
3 0 4 3 3 3
3 1 11 3 12 3
3 3 6 3 5 3
3 4 3 0 2 0
3 6 5 2 4 2
3 5 4 1 3 1
3 7 7 4 6 4
3 16 5 7 6 7
3 2 3 80
3 16 9 50
3 7 2 120
3 9 16 120
3 8 2 120
3 5 2 120
3 6 2 120
3 4 2 120
3 3 2 120
3 0 2 40
3 1 3 50
4 2 8 3 9 3
4 0 5 3 4 3
4 1 10 3 11 3
4 4 4 0 3 0
4 3 7 3 6 3
4 5 5 1 4 1
4 6 6 2 5 2
4 7 8 4 7 4
4 16 4 7 5 7
4 2 3 80
4 16 9 50
4 9 2 120
4 8 1 120
4 7 1 120
4 6 1 120
4 5 1 120
4 3 1 120
4 4 16 120
4 0 1 40
4 1 3 50
5 1 9 3 10 3
5 0 6 3 5 3
5 4 5 0 4 0
5 5 6 1 5 1
5 6 7 2 6 2
5 1 7 50
5 9 1 120
5 8 1 120
5 7 1 120
