0 4 4
1 10 3
2 8 3
3 7 3
4 5 3
5 6 2
6 7 1
7 7 6
8 6 5
9 5 4
10 12 3
11 9 2
12 11 2
13 10 1
14 11 4
15 9 4
16 10 5
1 4 6 3 5 3
1 5 7 2 6 2
1 6 8 1 7 1
1 7 8 6 7 6
1 8 7 5 6 5
1 9 6 4 5 4
1 0 5 4 4 4
1 1 9 3 10 3
1 10 11 3 12 3
1 11 8 2 9 2
1 14 10 4 11 4
1 13 9 1 10 1
1 12 10 2 11 2
1 15 8 4 9 4
1 16 9 5 10 5
1 3 2 120
1 16 7 50
1 15 3 50
1 12 5 50
1 14 3 50
1 13 6 50
1 11 5 50
1 10 3 50
1 2 3 80
1 4 2 120
1 1 3 50
1 0 15 40
1 8 15 120
1 9 15 120
1 7 16 120
1 6 11 120
1 5 11 120
2 7 9 6 8 6
2 8 8 5 7 5
2 9 7 4 6 4
2 0 6 4 5 4
2 10 10 3 11 3
2 12 9 2 10 2
2 14 9 4 10 4
2 4 2 120
2 16 7 50
2 12 5 50
2 13 6 50
2 14 7 50
2 10 3 50
2 1 3 50
2 2 3 80
2 0 2 40
2 9 2 120
2 8 16 120
2 7 14 120
2 6 13 120
2 5 2 120
2 3 2 120
3 7 10 6 9 6
3 4 2 120
3 12 5 50
3 13 6 50
3 14 8 50
3 10 3 50
3 2 3 80
3 1 3 50
3 0 2 40
3 8 2 120
3 9 2 120
3 7 10 120
3 5 2 120
3 3 1 120
3 6 13 120
4 7 11 6 10 6
4 4 1 120
4 14 8 50
4 12 5 50
4 1 3 50
4 10 3 50
4 0 14 40
4 7 10 120
4 9 14 120
4 8 1 120
4 6 12 120
4 3 1 120
4 5 12 120
5 7 12 6 11 6
5 4 1 120
5 1 3 50
5 9 1 120
5 0 1 40
5 8 1 120
5 7 1 120
